================================================================================
NAVIFLOW PROFILING REPORT
================================================================================

Algorithm: SimpleSolver
Timestamp: 2025-03-13 11:32:36
Mesh Size: 127x127
Reynolds Number: 100

SYSTEM INFORMATION
--------------------------------------------------------------------------------
Platform: macOS-14.1-arm64-arm-64bit
Processor: Apple M3 Pro
Python Version: 3.11.11
Total System Memory: 18.00 GB

CONVERGENCE INFORMATION
--------------------------------------------------------------------------------
Convergence Tolerance: 1.000000e-08
Final Residual: 9.995596e-09
Status: Converged after 18679 iterations

PERFORMANCE SUMMARY
--------------------------------------------------------------------------------
Total Runtime: 1361.7875 seconds
Total Iterations: 18679
Average Time per Iteration: 0.0729 seconds
Peak Memory Usage: 178.00 MB

TIME BREAKDOWN
--------------------------------------------------------------------------------
Momentum Equations: 58.4289 seconds (4.29%)
Pressure Equation: 1292.2973 seconds (94.90%)
Velocity Update: 9.6977 seconds (0.71%)
Boundary Conditions: 0.0000 seconds (0.00%)
Other Operations: 1.3243 seconds (0.10%)

RESIDUAL HISTORY
--------------------------------------------------------------------------------
Iteration    Residual
1            1.808399e-01
189          1.233231e-03
378          6.526977e-04
567          4.239557e-04
755          2.958469e-04
944          2.321780e-04
1133         1.875347e-04
1321         1.529761e-04
1510         1.259661e-04
1699         1.047169e-04
1887         8.787764e-05
2076         7.434404e-05
2265         6.335468e-05
2453         5.457106e-05
2642         4.715520e-05
2831         4.106517e-05
3019         3.590346e-05
3208         3.154845e-05
3397         2.782122e-05
3585         2.462432e-05
3774         2.185133e-05
3963         1.943561e-05
4151         1.732511e-05
4340         1.547137e-05
4529         1.384248e-05
4717         1.240318e-05
4906         1.112352e-05
5095         9.985920e-06
5283         8.976186e-06
5472         8.069561e-06
5661         7.260387e-06
5849         6.544387e-06
6038         5.898649e-06
6227         5.319143e-06
6415         4.801348e-06
6604         4.333456e-06
6793         3.912761e-06
6981         3.536178e-06
7170         3.195568e-06
7359         2.888971e-06
7547         2.613979e-06
7736         2.364592e-06
7925         2.139593e-06
8113         1.937536e-06
8302         1.754077e-06
8491         1.588371e-06
8679         1.439403e-06
8868         1.304008e-06
9057         1.181598e-06
9245         1.071452e-06
9434         9.712559e-07
9623         8.805947e-07
9811         7.989538e-07
10000        7.246338e-07
10189        6.573394e-07
10377        5.967007e-07
10566        5.414652e-07
10755        4.914215e-07
10943        4.463020e-07
11132        4.051807e-07
11321        3.679054e-07
11509        3.342812e-07
11698        3.036221e-07
11887        2.758176e-07
12075        2.507254e-07
12264        2.278359e-07
12453        2.070828e-07
12641        1.883469e-07
12830        1.712477e-07
13019        1.557269e-07
13207        1.417078e-07
13396        1.289081e-07
13585        1.172852e-07
13773        1.067825e-07
13962        9.718950e-08
14151        8.847474e-08
14339        8.059663e-08
14528        7.339780e-08
14717        6.685519e-08
14905        6.093809e-08
15094        5.552875e-08
15283        5.061025e-08
15471        4.615992e-08
15660        4.208953e-08
15849        3.838669e-08
16037        3.503462e-08
16226        3.197402e-08
16415        2.918799e-08
16603        2.666411e-08
16792        2.435285e-08
16981        2.224763e-08
17169        2.033938e-08
17358        1.859085e-08
17547        1.699721e-08
17735        1.555177e-08
17924        1.422647e-08
18113        1.301777e-08
18301        1.192074e-08
18490        1.091421e-08
18679        9.995596e-09

MEMORY USAGE OVER TIME
--------------------------------------------------------------------------------
Time (s)    RSS (MB)    VMS (MB)
0.00        132.89        399681.59
0.76        166.20        400410.91
1.51        166.86        400418.91
2.27        167.06        400419.91
3.01        167.31        400419.91
3.73        167.45        400419.91
4.45        167.47        400419.91
5.20        167.47        400419.91
5.96        167.70        400419.91
6.74        167.95        400427.91
7.47        167.95        400427.91
8.19        168.08        400427.91
8.92        168.08        400427.91
9.65        168.08        400427.91
10.38        168.23        400427.91
11.10        168.23        400427.91
11.83        168.23        400427.91
12.56        168.23        400427.91
13.36        175.80        400555.91
14.08        175.80        400555.91
14.81        175.80        400555.91
15.53        175.80        400555.91
16.26        175.80        400555.91
16.98        175.81        400555.91
17.70        175.81        400555.91
18.43        175.81        400555.91
19.15        175.81        400555.91
19.87        175.81        400555.91
20.59        175.81        400555.91
21.30        175.81        400555.91
22.03        175.84        400555.91
22.75        175.84        400555.91
23.47        175.84        400555.91
24.20        175.84        400555.91
24.96        175.84        400555.91
25.73        175.84        400555.91
26.49        175.84        400555.91
27.24        175.84        400555.91
28.02        175.84        400555.91
28.79        175.84        400555.91
29.52        175.84        400555.91
30.24        175.84        400555.91
30.97        175.84        400555.91
31.68        175.84        400555.91
32.48        176.56        400555.91
33.20        176.56        400555.91
33.92        176.56        400555.91
34.64        176.56        400555.91
35.36        176.56        400555.91
36.08        176.59        400555.91
36.80        176.59        400555.91
37.52        176.59        400555.91
38.24        176.59        400555.91
38.96        176.59        400555.91
39.68        176.59        400555.91
40.40        176.59        400555.91
41.12        176.59        400555.91
41.84        176.59        400555.91
42.56        176.59        400555.91
43.29        176.59        400555.91
44.01        176.59        400555.91
44.74        176.59        400555.91
45.46        176.61        400555.91
46.18        176.61        400555.91
46.90        176.61        400555.91
47.62        176.61        400555.91
48.34        176.61        400555.91
49.06        176.61        400555.91
49.79        176.61        400555.91
50.59        177.39        400555.91
51.31        177.39        400555.91
52.03        177.39        400555.91
52.75        177.39        400555.91
53.46        177.39        400555.91
54.18        177.39        400555.91
54.91        177.39        400555.91
55.75        177.45        400555.91
56.47        177.45        400555.91
57.19        177.45        400555.91
57.91        177.45        400555.91
58.63        177.45        400555.91
59.35        177.45        400555.91
60.07        177.45        400555.91
60.78        177.45        400555.91
61.50        177.45        400555.91
62.22        177.45        400555.91
62.95        177.45        400555.91
63.66        177.45        400555.91
64.39        177.58        400555.91
65.10        177.58        400555.91
65.83        177.58        400555.91
66.55        177.58        400555.91
67.27        177.58        400555.91
67.99        177.58        400555.91
68.71        177.58        400555.91
69.43        177.58        400555.91
70.15        177.58        400555.91
70.87        177.58        400555.91
71.59        177.58        400555.91
72.31        177.58        400555.91
73.03        177.58        400555.91
73.75        177.59        400555.91
74.48        177.59        400555.91
75.20        177.59        400555.91
75.94        177.59        400555.91
76.66        177.59        400555.91
77.38        177.59        400555.91
78.10        177.59        400555.91
78.89        177.98        400555.91
79.62        177.98        400555.91
80.35        177.98        400555.91
81.07        178.00        400555.91
81.80        178.00        400555.91
82.52        178.00        400555.91
83.24        178.00        400555.91
83.98        178.00        400555.91
84.74        95.56        400555.91
85.50        98.20        400555.91
86.26        99.70        400555.91
87.01        97.67        400555.91
87.78        98.08        400555.91
88.54        99.67        400555.91
89.29        99.67        400555.91
90.01        99.67        400555.91
90.74        99.67        400555.91
91.46        99.67        400555.91
92.19        99.67        400555.91
92.91        99.67        400555.91
93.63        99.67        400555.91
94.35        99.67        400555.91
95.08        99.67        400555.91
95.80        99.67        400555.91
96.53        99.67        400555.91
97.25        99.67        400555.91
98.05        101.48        400555.91
98.77        101.48        400555.91
99.49        101.48        400555.91
100.21        101.50        400555.91
100.93        101.56        400555.91
101.65        101.56        400555.91
102.37        101.56        400555.91
103.09        101.58        400555.91
103.82        101.58        400555.91
104.54        101.58        400555.91
105.26        101.58        400555.91
105.98        101.58        400555.91
106.71        101.58        400555.91
107.43        101.58        400555.91
108.15        101.58        400555.91
108.87        101.58        400555.91
109.59        101.58        400555.91
110.31        101.58        400555.91
111.04        101.58        400555.91
111.76        101.58        400555.91
112.48        101.58        400555.91
113.20        101.58        400555.91
113.92        101.58        400555.91
114.65        101.58        400555.91
115.46        103.95        400555.91
116.21        104.33        400555.91
116.93        104.33        400555.91
117.65        104.33        400555.91
118.37        104.33        400555.91
119.10        104.33        400555.91
119.82        104.33        400555.91
120.54        104.33        400555.91
121.26        104.33        400555.91
121.98        104.33        400555.91
122.71        104.33        400555.91
123.43        104.33        400555.91
124.15        104.33        400555.91
124.87        104.64        400555.91
125.59        104.64        400555.91
126.31        104.64        400555.91
127.03        104.64        400555.91
127.76        104.66        400555.91
128.48        104.66        400555.91
129.20        104.66        400555.91
129.92        104.66        400555.91
130.64        104.66        400555.91
131.36        104.67        400555.91
132.09        104.67        400555.91
132.81        104.67        400555.91
133.54        104.67        400555.91
134.26        104.67        400555.91
134.98        104.67        400555.91
135.70        104.67        400555.91
136.43        104.67        400555.91
137.15        104.67        400555.91
137.87        104.67        400555.91
138.59        104.67        400555.91
139.39        105.62        400555.91
140.11        105.62        400555.91
140.83        105.62        400555.91
141.55        105.62        400555.91
142.27        105.62        400555.91
142.99        105.62        400555.91
143.71        105.62        400555.91
144.46        104.78        400555.91
145.21        104.84        400555.91
145.96        104.84        400555.91
146.72        104.84        400555.91
147.46        103.16        400555.91
148.22        103.16        400555.91
148.97        103.16        400555.91
149.70        103.19        400555.91
150.42        103.19        400555.91
151.14        103.19        400555.91
151.86        103.19        400555.91
152.58        103.19        400555.91
153.30        103.19        400555.91
154.02        103.19        400555.91
154.75        103.19        400555.91
155.47        103.19        400555.91
156.20        103.19        400555.91
156.92        103.19        400555.91
157.64        103.19        400555.91
158.36        103.19        400555.91
159.16        104.22        400555.91
159.88        104.23        400555.91
160.60        104.23        400555.91
161.32        104.23        400555.91
162.04        104.23        400555.91
162.77        104.23        400555.91
163.49        104.23        400555.91
164.21        104.23        400555.91
164.94        104.23        400555.91
165.66        104.23        400555.91
166.39        104.23        400555.91
167.11        104.23        400555.91
167.83        104.23        400555.91
168.55        104.23        400555.91
169.28        104.23        400555.91
170.00        104.23        400555.91
170.72        104.23        400555.91
171.45        104.23        400555.91
172.17        104.23        400555.91
172.89        104.23        400555.91
173.61        104.25        400555.91
174.34        104.25        400555.91
175.06        104.25        400555.91
175.79        104.25        400555.91
176.63        105.00        400555.91
177.35        105.00        400555.91
178.08        105.00        400555.91
178.80        105.00        400555.91
179.52        105.00        400555.91
180.25        105.00        400555.91
180.97        105.00        400555.91
181.69        105.00        400555.91
182.41        105.00        400555.91
183.13        105.00        400555.91
183.86        105.00        400555.91
184.59        105.00        400555.91
185.31        105.00        400555.91
186.03        105.00        400555.91
186.76        105.00        400555.91
187.48        105.00        400555.91
188.20        105.02        400555.91
188.92        105.02        400555.91
189.65        105.02        400555.91
190.37        105.02        400555.91
191.09        105.02        400555.91
191.81        105.02        400555.91
192.54        105.02        400555.91
193.27        105.02        400555.91
193.99        107.31        400555.91
194.72        107.31        400555.91
195.46        107.31        400555.91
196.19        107.31        400555.91
196.91        107.31        400555.91
197.63        107.31        400555.91
198.35        107.31        400555.91
199.08        107.31        400555.91
199.88        107.78        400555.91
200.60        107.78        400555.91
201.32        107.78        400555.91
202.05        107.78        400555.91
202.77        107.78        400555.91
203.49        107.78        400555.91
204.24        107.78        400555.91
204.99        104.33        400555.91
205.75        104.33        400555.91
206.49        101.89        400555.91
207.26        102.27        400555.91
208.02        102.27        400555.91
208.78        102.27        400555.91
209.51        102.27        400555.91
210.24        102.27        400555.91
210.97        102.27        400555.91
211.69        102.27        400555.91
212.41        102.27        400555.91
213.13        102.27        400555.91
213.85        102.28        400555.91
214.58        102.28        400555.91
215.31        102.42        400555.91
216.02        102.42        400555.91
216.75        102.42        400555.91
217.47        102.44        400555.91
218.19        102.44        400555.91
218.92        102.44        400555.91
219.72        103.75        400555.91
220.44        103.75        400555.91
221.16        103.75        400555.91
221.88        103.75        400555.91
222.61        103.75        400555.91
223.33        103.75        400555.91
224.06        103.75        400555.91
224.78        103.75        400555.91
225.51        103.75        400555.91
226.24        103.75        400555.91
226.96        103.75        400555.91
227.69        103.75        400555.91
228.41        103.75        400555.91
229.13        103.75        400555.91
229.86        103.75        400555.91
230.58        103.75        400555.91
231.30        103.75        400555.91
232.02        103.75        400555.91
232.75        103.75        400555.91
233.47        103.75        400555.91
234.19        103.75        400555.91
234.92        103.75        400555.91
235.64        103.75        400555.91
236.56        107.77        400555.91
237.28        107.77        400555.91
238.00        107.77        400555.91
238.72        107.77        400555.91
239.45        107.77        400555.91
240.17        107.77        400555.91
240.89        107.77        400555.91
241.61        107.77        400555.91
242.34        107.77        400555.91
243.06        107.77        400555.91
243.78        107.77        400555.91
244.50        107.77        400555.91
245.23        107.77        400555.91
245.95        107.78        400555.91
246.67        107.78        400555.91
247.39        107.78        400555.91
248.11        107.78        400555.91
248.83        107.78        400555.91
249.55        107.78        400555.91
250.27        107.78        400555.91
250.99        107.78        400555.91
251.72        107.78        400555.91
252.44        107.78        400555.91
253.16        107.78        400555.91
253.88        107.78        400555.91
254.61        107.78        400555.91
255.33        107.78        400555.91
256.07        107.78        400555.91
256.79        107.78        400555.91
257.51        107.78        400555.91
258.24        107.78        400555.91
258.96        107.78        400555.91
259.76        107.97        400555.91
260.48        107.97        400555.91
261.20        107.97        400555.91
261.92        107.97        400555.91
262.64        107.97        400555.91
263.35        107.97        400555.91
264.08        107.97        400555.91
264.83        107.28        400555.91
265.60        107.75        400555.91
266.35        107.75        400555.91
267.09        104.88        400555.91
267.85        106.69        400555.91
268.61        106.69        400555.91
269.36        106.69        400555.91
270.09        106.69        400555.91
270.81        106.69        400555.91
271.53        106.69        400555.91
272.26        106.69        400555.91
272.97        106.69        400555.91
273.70        106.69        400555.91
274.42        106.70        400555.91
275.14        106.70        400555.91
275.86        106.70        400555.91
276.58        106.70        400555.91
277.30        106.70        400555.91
278.03        106.70        400555.91
278.75        106.70        400555.91
279.54        108.73        400555.91
280.26        108.73        400555.91
280.98        108.73        400555.91
281.70        108.73        400555.91
282.42        108.73        400555.91
283.15        108.73        400555.91
283.87        108.73        400555.91
284.60        108.73        400555.91
285.32        108.73        400555.91
286.04        108.73        400555.91
286.77        108.73        400555.91
287.48        108.73        400555.91
288.21        108.73        400555.91
288.93        108.73        400555.91
289.66        108.73        400555.91
290.38        108.73        400555.91
291.10        108.73        400555.91
291.83        108.73        400555.91
292.55        108.73        400555.91
293.27        108.73        400555.91
293.99        108.73        400555.91
294.72        108.73        400555.91
295.44        108.73        400555.91
296.16        108.75        400555.91
297.01        109.19        400555.91
297.73        109.19        400555.91
298.45        109.19        400555.91
299.17        109.19        400555.91
299.89        109.19        400555.91
300.61        109.19        400555.91
301.33        109.19        400555.91
302.05        109.19        400555.91
302.78        109.19        400555.91
303.50        109.20        400555.91
304.22        109.20        400555.91
304.94        109.20        400555.91
305.67        109.20        400555.91
306.39        109.20        400555.91
307.11        109.20        400555.91
307.83        109.20        400555.91
308.55        109.20        400555.91
309.27        109.20        400555.91
310.00        109.20        400555.91
310.72        109.20        400555.91
311.44        109.20        400555.91
312.16        109.20        400555.91
312.89        109.20        400555.91
313.61        109.20        400555.91
314.33        109.20        400555.91
315.05        109.20        400555.91
315.77        109.20        400555.91
316.49        109.20        400555.91
317.21        109.20        400555.91
317.93        109.20        400555.91
318.65        109.20        400555.91
319.37        109.20        400555.91
320.10        109.20        400555.91
320.89        109.20        400555.91
321.61        109.20        400555.91
322.33        109.20        400555.91
323.05        109.20        400555.91
323.77        109.20        400555.91
324.53        109.20        400555.91
325.28        105.47        400555.91
326.03        105.47        400555.91
326.77        104.80        400555.91
327.50        105.47        400555.91
328.26        105.44        400555.91
329.00        105.44        400555.91
329.72        105.44        400555.91
330.44        105.44        400555.91
331.16        105.44        400555.91
331.88        105.45        400555.91
332.60        105.45        400555.91
333.37        108.97        400555.91
334.10        108.97        400555.91
334.82        108.97        400555.91
335.54        108.97        400555.91
336.26        108.97        400555.91
336.98        108.97        400555.91
337.71        108.97        400555.91
338.43        108.97        400555.91
339.16        108.97        400555.91
339.96        108.97        400555.91
340.68        108.97        400555.91
341.40        108.97        400555.91
342.12        108.97        400555.91
342.84        108.97        400555.91
343.56        108.97        400555.91
344.28        108.97        400555.91
345.01        108.97        400555.91
345.73        108.97        400555.91
346.45        108.97        400555.91
347.17        108.97        400555.91
347.89        108.97        400555.91
348.61        108.97        400555.91
349.33        108.97        400555.91
350.05        108.97        400555.91
350.77        108.97        400555.91
351.49        108.97        400555.91
352.21        108.97        400555.91
352.93        108.97        400555.91
353.65        108.97        400555.91
354.37        108.97        400555.91
355.09        108.97        400555.91
355.81        108.97        400555.91
356.53        108.97        400555.91
357.37        109.03        400555.91
358.10        109.03        400555.91
358.82        109.03        400555.91
359.54        109.05        400555.91
360.26        109.06        400555.91
360.98        109.06        400555.91
361.70        109.06        400555.91
362.42        109.06        400555.91
363.14        109.06        400555.91
363.87        109.06        400555.91
364.59        109.06        400555.91
365.31        109.06        400555.91
366.03        109.06        400555.91
366.76        109.06        400555.91
367.48        109.06        400555.91
368.20        109.06        400555.91
368.92        109.06        400555.91
369.64        109.06        400555.91
370.37        109.06        400555.91
371.09        109.06        400555.91
371.81        109.06        400555.91
372.53        109.06        400555.91
373.25        109.06        400555.91
373.97        109.06        400555.91
374.69        109.06        400555.91
375.41        109.06        400555.91
376.13        109.06        400555.91
376.85        109.06        400555.91
377.57        109.06        400555.91
378.29        109.06        400555.91
379.02        109.06        400555.91
379.74        109.06        400555.91
380.46        109.06        400555.91
381.26        110.33        400555.91
381.98        110.33        400555.91
382.69        110.33        400555.91
383.41        110.33        400555.91
384.14        110.33        400555.91
384.89        110.33        400555.91
385.65        110.33        400555.91
386.41        110.33        400555.91
387.15        108.97        400555.91
387.89        106.89        400555.91
388.64        108.23        400555.91
389.38        108.30        400555.91
390.10        108.30        400555.91
390.82        108.30        400555.91
391.54        108.30        400555.91
392.25        108.30        400555.91
392.97        108.30        400555.91
393.69        108.30        400555.91
394.41        108.30        400555.91
395.14        108.30        400555.91
395.86        108.30        400555.91
396.58        108.30        400555.91
397.30        108.30        400555.91
398.02        108.30        400555.91
398.74        108.30        400555.91
399.46        108.30        400555.91
400.19        108.30        400555.91
400.99        109.47        400555.91
401.71        109.47        400555.91
402.43        109.47        400555.91
403.15        109.47        400555.91
403.87        109.47        400555.91
404.60        109.47        400555.91
405.32        109.47        400555.91
406.04        109.47        400555.91
406.77        109.47        400555.91
407.49        109.47        400555.91
408.21        109.47        400555.91
408.93        109.47        400555.91
409.66        109.47        400555.91
410.38        109.47        400555.91
411.10        109.47        400555.91
411.82        109.47        400555.91
412.54        109.47        400555.91
413.26        109.47        400555.91
413.98        109.47        400555.91
414.71        109.47        400555.91
415.44        109.47        400555.91
416.16        109.47        400555.91
416.89        109.48        400555.91
417.72        110.09        400555.91
418.45        110.09        400555.91
419.17        110.09        400555.91
419.90        110.09        400555.91
420.61        110.09        400555.91
421.33        110.09        400555.91
422.05        110.09        400555.91
422.77        110.09        400555.91
423.49        110.09        400555.91
424.21        110.09        400555.91
424.93        110.09        400555.91
425.65        110.09        400555.91
426.38        110.09        400555.91
427.10        110.09        400555.91
427.82        110.09        400555.91
428.54        110.09        400555.91
429.26        110.09        400555.91
429.98        110.09        400555.91
430.70        110.09        400555.91
431.42        110.09        400555.91
432.14        110.09        400555.91
432.86        110.09        400555.91
433.58        110.09        400555.91
434.31        110.09        400555.91
435.03        110.09        400555.91
435.75        110.09        400555.91
436.47        110.09        400555.91
437.20        110.09        400555.91
437.91        110.09        400555.91
438.64        110.09        400555.91
439.36        110.09        400555.91
440.08        110.09        400555.91
440.80        110.09        400555.91
441.61        110.14        400555.91
442.33        110.14        400555.91
443.05        110.14        400555.91
443.77        110.14        400555.91
444.54        110.14        400555.91
445.30        110.14        400555.91
446.05        110.16        400555.91
446.78        110.16        400555.91
447.54        104.08        400555.91
448.31        104.14        400555.91
449.06        104.81        400555.91
449.79        105.34        400555.91
450.51        105.34        400555.91
451.23        105.34        400555.91
451.94        105.36        400555.91
452.67        105.36        400555.91
453.38        105.36        400555.91
454.10        105.36        400555.91
454.83        105.36        400555.91
455.55        105.36        400555.91
456.27        105.36        400555.91
456.99        105.36        400555.91
457.71        105.36        400555.91
458.43        105.36        400555.91
459.15        105.36        400555.91
459.87        105.36        400555.91
460.59        105.36        400555.91
461.39        107.05        400555.91
462.12        107.05        400555.91
462.84        107.05        400555.91
463.56        107.05        400555.91
464.29        107.05        400555.91
465.01        107.05        400555.91
465.73        107.05        400555.91
466.46        107.05        400555.91
467.18        107.05        400555.91
467.91        107.05        400555.91
468.63        107.05        400555.91
469.35        107.05        400555.91
470.07        107.05        400555.91
470.79        107.05        400555.91
471.52        107.05        400555.91
472.24        107.05        400555.91
472.96        107.05        400555.91
473.68        107.05        400555.91
474.41        107.06        400555.91
475.13        107.06        400555.91
475.85        107.06        400555.91
476.58        107.06        400555.91
477.30        107.06        400555.91
478.11        107.56        400555.91
478.86        108.39        400555.91
479.58        108.39        400555.91
480.30        108.39        400555.91
481.03        108.39        400555.91
481.74        108.41        400555.91
482.46        108.41        400555.91
483.19        108.41        400555.91
483.91        108.41        400555.91
484.63        108.41        400555.91
485.35        108.41        400555.91
486.07        108.41        400555.91
486.79        108.41        400555.91
487.52        108.41        400555.91
488.24        108.41        400555.91
488.96        108.41        400555.91
489.68        108.41        400555.91
490.41        108.41        400555.91
491.13        108.41        400555.91
491.86        108.41        400555.91
492.58        108.41        400555.91
493.32        108.41        400555.91
494.04        108.41        400555.91
494.77        108.41        400555.91
495.50        108.41        400555.91
496.22        108.41        400555.91
496.95        108.41        400555.91
497.67        108.41        400555.91
498.39        108.41        400555.91
499.11        108.41        400555.91
499.84        108.41        400555.91
500.56        108.41        400555.91
501.28        108.41        400555.91
502.08        109.09        400555.91
502.80        109.11        400555.91
503.52        109.11        400555.91
504.25        109.11        400555.91
505.01        109.11        400555.91
505.76        109.12        400555.91
506.51        109.12        400555.91
507.25        106.36        400555.91
508.02        106.42        400555.91
508.78        106.95        400555.91
509.50        106.95        400555.91
510.22        106.95        400555.91
510.94        106.95        400555.91
511.66        106.95        400555.91
512.38        106.95        400555.91
513.10        106.95        400555.91
513.83        106.95        400555.91
514.55        106.95        400555.91
515.27        106.95        400555.91
515.99        106.95        400555.91
516.71        106.95        400555.91
517.43        106.95        400555.91
518.15        106.95        400555.91
518.87        106.95        400555.91
519.60        106.95        400555.91
520.32        106.95        400555.91
521.04        106.95        400555.91
521.85        108.12        400555.91
522.60        108.44        400555.91
523.33        108.44        400555.91
524.07        108.44        400555.91
524.80        108.44        400555.91
525.52        108.44        400555.91
526.25        108.44        400555.91
526.97        108.44        400555.91
527.69        108.44        400555.91
528.42        108.44        400555.91
529.14        108.44        400555.91
529.86        108.44        400555.91
530.58        108.44        400555.91
531.31        108.45        400555.91
532.03        108.45        400555.91
532.76        108.45        400555.91
533.48        108.45        400555.91
534.20        108.45        400555.91
534.93        108.45        400555.91
535.65        108.45        400555.91
536.37        108.45        400555.91
537.10        108.45        400555.91
537.82        108.45        400555.91
538.65        109.69        400555.91
539.39        109.69        400555.91
540.11        109.69        400555.91
540.83        109.69        400555.91
541.55        109.69        400555.91
542.27        109.69        400555.91
542.99        109.69        400555.91
543.71        109.69        400555.91
544.43        109.83        400555.91
545.15        109.83        400555.91
545.87        109.83        400555.91
546.59        109.83        400555.91
547.36        109.83        400555.91
548.12        109.83        400555.91
548.85        109.83        400555.91
549.57        109.83        400555.91
550.29        109.83        400555.91
551.01        109.83        400555.91
551.73        109.83        400555.91
552.45        109.83        400555.91
553.18        109.83        400555.91
553.90        109.83        400555.91
554.62        109.83        400555.91
555.36        109.83        400555.91
556.08        109.83        400555.91
556.81        109.83        400555.91
557.54        109.83        400555.91
558.26        109.83        400555.91
558.98        109.83        400555.91
559.71        109.83        400555.91
560.43        109.84        400555.91
561.15        109.84        400555.91
561.87        109.84        400555.91
562.59        109.84        400555.91
563.39        109.84        400555.91
564.13        109.84        400555.91
564.87        108.42        400555.91
565.61        108.42        400555.91
566.36        108.42        400555.91
567.09        107.95        400555.91
567.83        106.81        400555.91
568.60        107.31        400555.91
569.33        107.31        400555.91
570.05        107.59        400555.91
570.77        107.84        400555.91
571.49        107.84        400555.91
572.22        107.84        400555.91
572.94        107.84        400555.91
573.66        107.84        400555.91
574.38        107.84        400555.91
575.10        107.84        400555.91
575.82        107.84        400555.91
576.54        107.84        400555.91
577.26        107.84        400555.91
577.98        107.84        400555.91
578.70        107.84        400555.91
579.42        107.84        400555.91
580.15        107.84        400555.91
580.87        107.84        400555.91
581.59        107.84        400555.91
582.39        110.70        400555.91
583.11        110.70        400555.91
583.83        110.70        400555.91
584.55        110.70        400555.91
585.27        110.70        400555.91
585.99        110.70        400555.91
586.72        110.70        400555.91
587.44        110.70        400555.91
588.16        110.70        400555.91
588.88        110.72        400555.91
589.60        110.72        400555.91
590.33        110.72        400555.91
591.05        110.72        400555.91
591.77        110.72        400555.91
592.49        110.72        400555.91
593.21        110.72        400555.91
593.93        110.72        400555.91
594.65        110.72        400555.91
595.38        110.72        400555.91
596.10        110.72        400555.91
596.82        110.72        400555.91
597.54        110.72        400555.91
598.27        110.72        400555.91
599.09        110.72        400555.91
599.83        110.72        400555.91
600.55        110.72        400555.91
601.27        110.72        400555.91
601.99        110.72        400555.91
602.71        110.72        400555.91
603.43        110.72        400555.91
604.15        110.72        400555.91
604.87        110.72        400555.91
605.59        110.72        400555.91
606.31        110.72        400555.91
607.03        110.72        400555.91
607.75        110.72        400555.91
608.48        110.72        400555.91
609.20        110.72        400555.91
609.92        110.72        400555.91
610.65        110.72        400555.91
611.37        110.72        400555.91
612.09        110.72        400555.91
612.81        110.72        400555.91
613.53        110.72        400555.91
614.25        110.72        400555.91
614.97        110.72        400555.91
615.69        110.72        400555.91
616.43        110.72        400555.91
617.16        110.73        400555.91
617.88        110.73        400555.91
618.60        110.73        400555.91
619.32        110.73        400555.91
620.04        110.73        400555.91
620.76        110.73        400555.91
621.48        110.73        400555.91
622.21        110.73        400555.91
623.00        110.81        400555.91
623.73        110.81        400555.91
624.46        110.81        400555.91
625.22        110.81        400555.91
625.98        110.81        400555.91
626.73        110.81        400555.91
627.47        106.09        400555.91
628.22        106.09        400555.91
628.98        106.61        400555.91
629.70        106.61        400555.91
630.42        106.61        400555.91
631.15        106.61        400555.91
631.86        106.61        400555.91
632.59        106.61        400555.91
633.31        106.61        400555.91
634.08        106.61        400555.91
634.87        106.53        400555.91
635.67        105.36        400555.91
636.48        105.55        400555.91
637.24        105.58        400555.91
638.01        101.89        400555.91
638.77        96.95        400555.91
639.53        96.81        400555.91
640.28        96.81        400555.91
641.00        96.81        400555.91
641.73        96.81        400555.91
642.56        91.45        400555.91
643.31        93.72        400555.91
644.03        93.84        400555.91
644.75        93.84        400555.91
645.47        93.86        400555.91
646.20        93.61        400555.91
646.92        93.52        400555.91
647.64        93.55        400555.91
648.36        93.55        400555.91
649.09        93.55        400555.91
649.81        93.53        400555.91
650.54        93.53        400555.91
651.26        93.53        400555.91
651.98        93.53        400555.91
652.70        93.53        400555.91
653.42        93.53        400555.91
654.15        93.55        400555.91
654.87        93.55        400555.91
655.59        93.55        400555.91
656.31        93.55        400555.91
657.04        93.55        400555.91
657.76        93.55        400555.91
658.48        93.55        400555.91
659.21        93.55        400555.91
660.05        97.41        400555.91
660.77        97.41        400555.91
661.49        97.41        400555.91
662.21        97.41        400555.91
662.93        97.41        400555.91
663.65        97.41        400555.91
664.37        97.41        400555.91
665.09        97.41        400555.91
665.81        97.41        400555.91
666.53        97.41        400555.91
667.25        97.41        400555.91
667.98        97.42        400555.91
668.70        97.42        400555.91
669.42        97.42        400555.91
670.15        97.42        400555.91
670.87        97.42        400555.91
671.59        97.42        400555.91
672.31        97.42        400555.91
673.03        97.42        400555.91
673.75        97.42        400555.91
674.47        97.42        400555.91
675.20        97.44        400555.91
675.92        97.44        400555.91
676.64        97.44        400555.91
677.37        97.44        400555.91
678.09        97.44        400555.91
678.81        97.44        400555.91
679.53        97.44        400555.91
680.26        97.44        400555.91
680.98        97.44        400555.91
681.70        97.44        400555.91
682.42        97.44        400555.91
683.23        98.88        400555.91
683.95        98.88        400555.91
684.68        98.88        400555.91
685.41        98.88        400555.91
686.13        98.88        400555.91
686.86        98.88        400555.91
687.59        98.88        400555.91
688.32        98.88        400555.91
689.06        98.88        400555.91
689.78        98.88        400555.91
690.51        98.88        400555.91
691.22        98.88        400555.91
691.94        98.88        400555.91
692.66        98.88        400555.91
693.39        98.88        400555.91
694.11        98.88        400555.91
694.83        98.88        400555.91
695.55        98.88        400555.91
696.27        98.88        400555.91
697.00        98.88        400555.91
697.72        98.88        400555.91
698.44        98.88        400555.91
699.18        98.88        400555.91
699.91        107.86        400555.91
700.64        107.86        400555.91
701.36        107.86        400555.91
702.08        107.86        400555.91
702.89        108.20        400555.91
703.64        108.22        400555.91
704.37        108.22        400555.91
705.09        108.22        400555.91
705.81        108.22        400555.91
706.53        108.22        400555.91
707.25        108.22        400555.91
707.98        108.22        400555.91
708.70        108.22        400555.91
709.43        108.22        400555.91
710.15        108.22        400555.91
710.87        108.22        400555.91
711.59        108.22        400555.91
712.31        108.22        400555.91
713.03        108.22        400555.91
713.75        108.22        400555.91
714.47        108.22        400555.91
715.20        108.22        400555.91
715.92        108.22        400555.91
716.64        108.22        400555.91
717.37        108.22        400555.91
718.09        108.22        400555.91
718.81        108.22        400555.91
719.54        108.23        400555.91
720.40        108.45        400555.91
721.12        108.45        400555.91
721.84        108.45        400555.91
722.56        108.45        400555.91
723.28        108.45        400555.91
724.00        108.45        400555.91
724.72        108.45        400555.91
725.44        108.45        400555.91
726.16        108.45        400555.91
726.92        108.09        400555.91
727.69        103.39        400555.91
728.45        105.17        400555.91
729.18        105.30        400555.91
729.90        105.31        400555.91
730.62        105.31        400555.91
731.34        105.31        400555.91
732.07        105.33        400555.91
732.79        105.33        400555.91
733.51        105.33        400555.91
734.23        105.33        400555.91
734.95        105.33        400555.91
735.67        105.33        400555.91
736.40        105.33        400555.91
737.12        105.33        400555.91
737.84        105.33        400555.91
738.56        105.33        400555.91
739.28        105.33        400555.91
740.01        105.33        400555.91
740.73        105.33        400555.91
741.45        105.33        400555.91
742.18        105.33        400555.91
742.90        105.33        400555.91
743.72        107.58        400555.91
744.45        107.58        400555.91
745.18        107.58        400555.91
745.90        107.58        400555.91
746.63        107.58        400555.91
747.35        107.59        400555.91
748.08        107.59        400555.91
748.82        107.59        400555.91
749.54        107.59        400555.91
750.27        107.59        400555.91
750.99        107.59        400555.91
751.71        107.59        400555.91
752.43        107.59        400555.91
753.15        107.59        400555.91
753.87        107.59        400555.91
754.59        107.59        400555.91
755.32        107.59        400555.91
756.04        107.59        400555.91
756.76        107.59        400555.91
757.48        107.59        400555.91
758.20        107.59        400555.91
758.93        107.59        400555.91
759.65        107.59        400555.91
760.37        107.61        400555.91
761.09        107.61        400555.91
761.81        107.61        400555.91
762.61        108.03        400555.91
763.34        108.03        400555.91
764.06        108.03        400555.91
764.78        108.03        400555.91
765.50        108.03        400555.91
766.23        108.03        400555.91
766.95        108.03        400555.91
767.67        108.03        400555.91
768.39        108.03        400555.91
769.11        108.03        400555.91
769.83        108.03        400555.91
770.55        108.03        400555.91
771.28        108.03        400555.91
772.00        108.03        400555.91
772.73        108.03        400555.91
773.45        108.03        400555.91
774.17        108.03        400555.91
774.90        108.03        400555.91
775.62        108.03        400555.91
776.34        108.03        400555.91
777.06        108.03        400555.91
777.78        108.03        400555.91
778.50        108.03        400555.91
779.22        108.03        400555.91
779.94        108.03        400555.91
780.79        108.03        400555.91
781.51        108.03        400555.91
782.23        108.03        400555.91
782.95        108.03        400555.91
783.67        108.03        400555.91
784.39        108.03        400555.91
785.11        108.03        400555.91
785.83        108.03        400555.91
786.55        108.03        400555.91
787.27        108.03        400555.91
788.00        108.03        400555.91
788.72        108.05        400555.91
789.44        108.05        400555.91
790.17        108.05        400555.91
790.89        108.05        400555.91
791.61        108.05        400555.91
792.33        108.05        400555.91
793.05        108.05        400555.91
793.77        108.05        400555.91
794.49        108.05        400555.91
795.22        108.05        400555.91
795.94        108.05        400555.91
796.66        108.05        400555.91
797.38        108.05        400555.91
798.10        108.05        400555.91
798.82        108.05        400555.91
799.54        108.05        400555.91
800.26        108.05        400555.91
800.98        108.05        400555.91
801.70        108.05        400555.91
802.43        108.05        400555.91
803.15        108.05        400555.91
803.87        108.05        400555.91
804.68        108.19        400555.91
805.41        108.19        400555.91
806.13        108.19        400555.91
806.87        108.19        400555.91
807.60        108.19        400555.91
808.32        108.19        400555.91
809.05        108.19        400555.91
809.77        108.19        400555.91
810.49        108.19        400555.91
811.20        108.19        400555.91
811.92        108.19        400555.91
812.64        108.19        400555.91
813.36        108.19        400555.91
814.09        108.19        400555.91
814.81        108.19        400555.91
815.53        108.19        400555.91
816.24        108.19        400555.91
816.96        108.19        400555.91
817.68        108.20        400555.91
818.40        108.20        400555.91
819.12        108.20        400555.91
819.84        108.20        400555.91
820.56        108.20        400555.91
821.28        108.20        400555.91
822.01        108.22        400555.91
822.74        108.22        400555.91
823.55        108.53        400555.91
824.27        108.53        400555.91
825.02        108.53        400555.91
825.75        108.53        400555.91
826.48        108.53        400555.91
827.22        108.53        400555.91
827.94        108.53        400555.91
828.67        108.53        400555.91
829.39        108.53        400555.91
830.12        108.53        400555.91
830.84        108.53        400555.91
831.56        108.53        400555.91
832.29        108.53        400555.91
833.01        108.53        400555.91
833.73        108.53        400555.91
834.45        108.53        400555.91
835.18        108.53        400555.91
835.90        108.53        400555.91
836.62        108.53        400555.91
837.34        108.53        400555.91
838.07        108.53        400555.91
838.79        108.53        400555.91
839.51        108.53        400555.91
840.24        108.53        400555.91
841.08        108.53        400555.91
841.80        108.53        400555.91
842.52        108.53        400555.91
843.24        108.53        400555.91
843.96        108.53        400555.91
844.68        108.53        400555.91
845.40        108.53        400555.91
846.12        108.55        400555.91
846.84        108.55        400555.91
847.56        108.55        400555.91
848.28        108.55        400555.91
849.00        108.55        400555.91
849.72        108.55        400555.91
850.45        108.55        400555.91
851.17        108.55        400555.91
851.89        108.55        400555.91
852.61        108.55        400555.91
853.33        108.56        400555.91
854.05        108.56        400555.91
854.77        108.56        400555.91
855.50        108.56        400555.91
856.22        108.56        400555.91
856.94        108.56        400555.91
857.66        108.56        400555.91
858.38        108.56        400555.91
859.10        108.56        400555.91
859.82        108.56        400555.91
860.54        108.56        400555.91
861.26        108.56        400555.91
861.98        108.56        400555.91
862.70        108.56        400555.91
863.42        108.56        400555.91
864.15        108.56        400555.91
864.96        108.56        400555.91
865.69        108.56        400555.91
866.42        108.56        400555.91
867.14        108.56        400555.91
867.87        105.95        400555.91
868.60        100.50        400555.91
869.32        100.62        400555.91
870.04        102.33        400555.91
870.76        102.33        400555.91
871.48        102.33        400555.91
872.20        102.33        400555.91
872.92        102.33        400555.91
873.64        102.36        400555.91
874.36        102.38        400555.91
875.09        102.38        400555.91
875.81        102.38        400555.91
876.53        102.38        400555.91
877.25        102.38        400555.91
877.98        102.38        400555.91
878.71        102.38        400555.91
879.43        102.38        400555.91
880.16        102.38        400555.91
880.88        102.38        400555.91
881.60        102.38        400555.91
882.32        102.38        400555.91
883.05        102.38        400555.91
883.85        106.02        400555.91
884.56        106.02        400555.91
885.29        106.02        400555.91
886.01        106.02        400555.91
886.73        106.02        400555.91
887.45        106.02        400555.91
888.17        106.02        400555.91
888.89        106.02        400555.91
889.61        106.02        400555.91
890.34        106.02        400555.91
891.05        106.02        400555.91
891.78        106.02        400555.91
892.50        106.02        400555.91
893.22        106.02        400555.91
893.94        106.02        400555.91
894.66        106.02        400555.91
895.38        106.02        400555.91
896.10        106.02        400555.91
896.82        106.02        400555.91
897.54        106.02        400555.91
898.26        106.02        400555.91
898.99        106.02        400555.91
899.71        106.02        400555.91
900.43        106.02        400555.91
901.24        107.39        400555.91
902.00        107.44        400555.91
902.72        107.45        400555.91
903.44        107.45        400555.91
904.16        107.45        400555.91
904.89        107.45        400555.91
905.61        107.45        400555.91
906.33        107.45        400555.91
907.05        107.45        400555.91
907.77        107.45        400555.91
908.49        107.45        400555.91
909.21        107.45        400555.91
909.93        107.45        400555.91
910.66        107.45        400555.91
911.38        107.45        400555.91
912.10        107.45        400555.91
912.82        107.45        400555.91
913.54        107.45        400555.91
914.26        107.47        400555.91
914.99        107.47        400555.91
915.71        107.47        400555.91
916.43        107.47        400555.91
917.15        107.47        400555.91
917.87        107.47        400555.91
918.60        107.47        400555.91
919.32        107.47        400555.91
920.04        107.47        400555.91
920.76        107.47        400555.91
921.48        107.47        400555.91
922.20        107.47        400555.91
922.92        107.47        400555.91
923.64        107.47        400555.91
924.37        107.47        400555.91
925.18        109.44        400555.91
925.91        109.44        400555.91
926.63        109.44        400555.91
927.37        109.44        400555.91
928.10        109.44        400555.91
928.82        109.44        400555.91
929.54        109.44        400555.91
930.26        109.44        400555.91
930.98        109.44        400555.91
931.70        109.45        400556.91
932.41        109.45        400556.91
933.14        109.45        400556.91
933.86        109.45        400556.91
934.58        109.45        400556.91
935.30        109.45        400556.91
936.02        109.45        400556.91
936.74        109.45        400556.91
937.46        109.45        400556.91
938.18        109.45        400556.91
938.90        109.45        400556.91
939.62        109.45        400556.91
940.35        109.45        400556.91
941.07        109.45        400556.91
941.79        109.45        400556.91
942.51        109.45        400556.91
943.23        109.45        400556.91
943.96        109.45        400556.91
944.76        109.52        400556.91
945.48        109.52        400556.91
946.20        109.52        400556.91
946.92        109.52        400556.91
947.65        109.52        400556.91
948.37        109.52        400556.91
949.09        109.52        400556.91
949.82        109.52        400556.91
950.54        109.52        400556.91
951.26        109.52        400556.91
951.97        109.52        400556.91
952.70        109.52        400556.91
953.42        109.52        400556.91
954.14        109.52        400556.91
954.86        109.52        400556.91
955.58        109.52        400556.91
956.30        109.52        400556.91
957.03        109.52        400556.91
957.75        109.52        400556.91
958.47        109.52        400556.91
959.19        109.52        400556.91
959.91        109.53        400556.91
960.63        109.53        400556.91
961.35        109.53        400556.91
962.20        109.53        400556.91
962.93        109.53        400556.91
963.65        109.53        400556.91
964.37        109.53        400556.91
965.09        109.53        400556.91
965.81        109.53        400556.91
966.53        109.53        400556.91
967.25        109.53        400556.91
967.97        109.53        400556.91
968.69        109.53        400556.91
969.41        109.53        400556.91
970.13        109.53        400556.91
970.86        109.53        400556.91
971.59        109.53        400556.91
972.31        109.53        400556.91
973.03        109.53        400556.91
973.75        109.53        400556.91
974.47        109.53        400556.91
975.19        109.53        400556.91
975.92        109.53        400556.91
976.64        109.53        400556.91
977.36        109.53        400556.91
978.08        109.53        400556.91
978.80        109.53        400556.91
979.52        109.53        400556.91
980.24        109.53        400556.91
980.96        109.53        400556.91
981.69        109.53        400556.91
982.41        109.53        400556.91
983.13        109.53        400556.91
983.85        109.53        400556.91
984.58        109.53        400556.91
985.39        109.53        400556.91
986.12        109.53        400556.91
986.85        109.53        400556.91
987.57        109.53        400556.91
988.30        109.55        400556.91
989.02        109.55        400556.91
989.74        109.55        400556.91
990.46        109.55        400556.91
991.18        109.55        400556.91
991.90        109.55        400556.91
992.62        109.55        400556.91
993.34        109.55        400556.91
994.06        109.55        400556.91
994.78        109.55        400556.91
995.50        109.55        400556.91
996.23        109.55        400556.91
996.95        109.55        400556.91
997.67        109.55        400556.91
998.39        109.55        400556.91
999.11        109.55        400556.91
999.83        109.55        400556.91
1000.55        109.55        400556.91
1001.27        109.55        400556.91
1001.99        109.55        400556.91
1002.72        109.55        400556.91
1003.44        109.55        400556.91
1004.24        109.58        400556.91
1004.96        109.58        400556.91
1005.68        109.58        400556.91
1006.40        109.59        400556.91
1007.12        109.59        400556.91
1007.84        109.59        400556.91
1008.56        109.59        400556.91
1009.28        109.59        400556.91
1010.00        109.59        400556.91
1010.72        109.59        400556.91
1011.44        109.59        400556.91
1012.16        109.59        400556.91
1012.88        109.59        400556.91
1013.60        109.59        400556.91
1014.32        109.59        400556.91
1015.06        109.59        400556.91
1015.83        109.59        400556.91
1016.75        110.11        400556.91
1017.50        110.11        400556.91
1018.26        110.11        400556.91
1019.03        110.11        400556.91
1019.78        110.11        400556.91
1020.54        110.11        400556.91
1021.29        110.11        400556.91
1022.05        110.11        400556.91
1022.92        110.56        400556.91
1023.67        110.56        400556.91
1024.43        110.56        400556.91
1025.18        110.56        400556.91
1025.94        110.56        400556.91
1026.69        110.56        400556.91
1027.47        110.56        400556.91
1028.24        110.56        400556.91
1029.00        110.56        400556.91
1029.77        110.56        400556.91
1030.62        111.19        400556.91
1031.48        111.19        400556.91
1032.24        111.19        400556.91
1033.01        111.19        400556.91
1033.77        111.19        400556.91
1034.53        111.19        400556.91
1035.29        111.19        400556.91
1036.06        111.19        400556.91
1036.83        111.19        400556.91
1037.59        111.19        400556.91
1038.35        111.19        400556.91
1039.11        111.19        400556.91
1039.88        111.20        400556.91
1040.64        111.20        400556.91
1041.40        111.20        400556.91
1042.16        111.20        400556.91
1042.91        111.20        400556.91
1043.66        111.20        400556.91
1044.38        111.20        400556.91
1045.11        111.20        400556.91
1045.85        109.89        400556.91
1046.69        102.44        400556.91
1047.50        103.05        400556.91
1048.23        103.73        400556.91
1048.95        103.73        400556.91
1049.68        103.73        400556.91
1050.40        103.73        400556.91
1051.12        103.73        400556.91
1051.85        103.73        400556.91
1052.57        103.73        400556.91
1053.29        103.73        400556.91
1054.01        103.73        400556.91
1054.73        103.73        400556.91
1055.46        103.73        400556.91
1056.18        103.73        400556.91
1056.91        103.73        400556.91
1057.63        103.73        400556.91
1058.36        103.73        400556.91
1059.08        103.73        400556.91
1059.80        103.73        400556.91
1060.53        103.73        400556.91
1061.33        105.94        400556.91
1062.05        105.94        400556.91
1062.78        105.94        400556.91
1063.50        105.94        400556.91
1064.22        105.94        400556.91
1064.94        105.94        400556.91
1065.70        105.94        400556.91
1066.48        105.94        400556.91
1067.29        105.94        400556.91
1068.08        105.94        400556.91
1068.84        105.94        400556.91
1069.59        105.94        400556.91
1070.32        105.94        400556.91
1071.04        105.94        400556.91
1071.77        105.94        400556.91
1072.50        105.94        400556.91
1073.22        105.94        400556.91
1073.95        105.94        400556.91
1074.68        105.94        400556.91
1075.40        105.94        400556.91
1076.13        105.95        400556.91
1076.93        106.84        400556.91
1077.65        106.84        400556.91
1078.37        106.84        400556.91
1079.09        106.84        400556.91
1079.81        106.84        400556.91
1080.53        106.84        400556.91
1081.25        106.84        400556.91
1081.98        106.84        400556.91
1082.82        108.72        400556.91
1083.55        108.72        400556.91
1084.27        108.72        400556.91
1084.99        108.72        400556.91
1085.72        108.72        400556.91
1086.44        108.72        400556.91
1087.16        108.72        400556.91
1087.88        108.72        400556.91
1088.61        108.72        400556.91
1089.33        108.72        400556.91
1090.05        108.72        400556.91
1090.78        108.72        400556.91
1091.50        108.72        400556.91
1092.23        108.72        400556.91
1092.96        108.72        400556.91
1093.69        108.72        400556.91
1094.41        108.72        400556.91
1095.15        108.72        400556.91
1095.87        108.72        400556.91
1096.60        108.72        400556.91
1097.33        108.72        400556.91
1098.05        108.72        400556.91
1098.78        108.72        400556.91
1099.50        108.72        400556.91
1100.23        108.72        400556.91
1100.95        108.73        400556.91
1101.68        108.73        400556.91
1102.40        108.73        400556.91
1103.12        108.73        400556.91
1103.85        108.73        400556.91
1104.58        108.75        400556.91
1105.31        108.75        400556.91
1106.12        109.50        400556.91
1106.85        109.50        400556.91
1107.59        108.00        400556.91
1108.33        107.34        400556.91
1109.06        107.59        400556.91
1109.78        107.59        400556.91
1110.50        107.59        400556.91
1111.22        107.59        400556.91
1111.94        107.59        400556.91
1112.69        107.59        400556.91
1113.41        107.59        400556.91
1114.13        107.59        400556.91
1114.85        107.59        400556.91
1115.58        107.59        400556.91
1116.30        107.59        400556.91
1117.02        107.59        400556.91
1117.75        107.59        400556.91
1118.47        107.59        400556.91
1119.19        107.59        400556.91
1119.92        107.59        400556.91
1120.64        107.59        400556.91
1121.37        107.59        400556.91
1122.09        107.59        400556.91
1122.82        107.84        400556.91
1123.55        107.84        400556.91
1124.27        107.84        400556.91
1125.07        108.28        400556.91
1125.80        108.28        400556.91
1126.52        108.28        400556.91
1127.24        108.28        400556.91
1127.96        108.28        400556.91
1128.68        108.28        400556.91
1129.40        108.28        400556.91
1130.12        108.28        400556.91
1130.84        108.28        400556.91
1131.56        108.28        400556.91
1132.28        108.28        400556.91
1133.00        108.30        400556.91
1133.72        108.30        400556.91
1134.44        108.30        400556.91
1135.16        108.30        400556.91
1135.89        108.30        400556.91
1136.61        108.30        400556.91
1137.33        108.30        400556.91
1138.05        108.30        400556.91
1138.77        108.30        400556.91
1139.49        108.30        400556.91
1140.21        108.30        400556.91
1140.94        108.30        400556.91
1141.66        108.30        400556.91
1142.38        108.30        400556.91
1143.21        108.61        400556.91
1143.94        108.61        400556.91
1144.66        108.61        400556.91
1145.38        108.61        400556.91
1146.10        108.61        400556.91
1146.82        108.61        400556.91
1147.54        108.61        400556.91
1148.26        108.61        400556.91
1148.98        108.61        400556.91
1149.70        108.61        400556.91
1150.43        108.61        400556.91
1151.16        108.61        400556.91
1151.88        108.61        400556.91
1152.61        108.61        400556.91
1153.33        108.61        400556.91
1154.05        108.61        400556.91
1154.77        108.61        400556.91
1155.49        108.61        400556.91
1156.21        108.61        400556.91
1156.93        108.61        400556.91
1157.65        108.61        400556.91
1158.37        108.61        400556.91
1159.09        108.61        400556.91
1159.81        108.61        400556.91
1160.54        108.61        400556.91
1161.26        108.62        400556.91
1161.98        108.62        400556.91
1162.70        108.62        400556.91
1163.42        108.62        400556.91
1164.15        108.62        400556.91
1164.88        108.62        400556.91
1165.61        108.62        400556.91
1166.35        108.62        400556.91
1167.16        107.14        400556.91
1167.92        106.58        400556.91
1168.65        106.55        400556.91
1169.37        106.55        400556.91
1170.09        106.55        400556.91
1170.81        106.55        400556.91
1171.53        106.55        400556.91
1172.25        106.55        400556.91
1172.98        106.55        400556.91
1173.70        106.55        400556.91
1174.42        106.55        400556.91
1175.14        106.55        400556.91
1175.87        106.55        400556.91
1176.59        106.55        400556.91
1177.31        106.55        400556.91
1178.03        106.55        400556.91
1178.76        106.55        400556.91
1179.48        106.55        400556.91
1180.20        106.55        400556.91
1180.92        106.55        400556.91
1181.64        106.55        400556.91
1182.36        106.55        400556.91
1183.09        106.55        400556.91
1183.81        106.55        400556.91
1184.54        106.55        400556.91
1185.26        106.55        400556.91
1186.05        107.83        400556.91
1186.78        107.83        400556.91
1187.50        107.83        400556.91
1188.22        107.83        400556.91
1188.94        107.83        400556.91
1189.66        107.83        400556.91
1190.38        107.84        400556.91
1191.11        107.84        400556.91
1191.83        107.84        400556.91
1192.55        107.84        400556.91
1193.27        107.86        400556.91
1193.99        107.86        400556.91
1194.71        107.86        400556.91
1195.43        107.86        400556.91
1196.16        107.86        400556.91
1196.88        107.86        400556.91
1197.60        107.86        400556.91
1198.32        107.86        400556.91
1199.04        107.86        400556.91
1199.76        107.86        400556.91
1200.48        107.86        400556.91
1201.20        107.86        400556.91
1201.93        107.86        400556.91
1202.65        107.86        400556.91
1203.38        107.86        400556.91
1204.22        108.95        400556.91
1204.94        108.95        400556.91
1205.67        108.95        400556.91
1206.38        108.95        400556.91
1207.10        108.95        400556.91
1207.83        108.95        400556.91
1208.55        108.95        400556.91
1209.26        108.95        400556.91
1209.99        108.95        400556.91
1210.71        108.95        400556.91
1211.43        108.95        400556.91
1212.16        108.95        400556.91
1212.88        108.95        400556.91
1213.60        108.95        400556.91
1214.32        108.95        400556.91
1215.04        108.95        400556.91
1215.77        108.95        400556.91
1216.49        108.95        400556.91
1217.21        108.95        400556.91
1217.93        108.95        400556.91
1218.65        108.97        400556.91
1219.37        108.97        400556.91
1220.09        108.97        400556.91
1220.82        108.97        400556.91
1221.54        108.97        400556.91
1222.26        108.97        400556.91
1222.98        108.97        400556.91
1223.71        108.97        400556.91
1224.43        108.97        400556.91
1225.16        108.97        400556.91
1225.90        108.98        400556.91
1226.63        108.98        400556.91
1227.46        107.05        400556.91
1228.22        106.80        400556.91
1228.95        106.80        400556.91
1229.67        106.80        400556.91
1230.39        106.80        400556.91
1231.11        106.80        400556.91
1231.83        106.80        400556.91
1232.55        106.80        400556.91
1233.27        106.80        400556.91
1234.00        106.80        400556.91
1234.72        106.80        400556.91
1235.44        106.80        400556.91
1236.17        106.80        400556.91
1236.89        106.80        400556.91
1237.61        106.80        400556.91
1238.33        106.80        400556.91
1239.05        106.80        400556.91
1239.78        106.80        400556.91
1240.50        106.80        400556.91
1241.22        106.80        400556.91
1241.94        106.80        400556.91
1242.67        106.80        400556.91
1243.39        106.80        400556.91
1244.12        106.80        400556.91
1244.84        106.80        400556.91
1245.56        106.80        400556.91
1246.36        106.91        400556.91
1247.08        106.92        400556.91
1247.80        106.92        400556.91
1248.52        106.92        400556.91
1249.24        106.92        400556.91
1249.96        106.92        400556.91
1250.68        106.92        400556.91
1251.40        106.92        400556.91
1252.12        106.92        400556.91
1252.84        106.92        400556.91
1253.56        106.92        400556.91
1254.28        106.92        400556.91
1255.00        106.92        400556.91
1255.73        106.92        400556.91
1256.45        106.92        400556.91
1257.17        106.92        400556.91
1257.88        106.92        400556.91
1258.61        106.92        400556.91
1259.34        107.61        400556.91
1260.06        107.61        400556.91
1260.78        107.61        400556.91
1261.50        107.61        400556.91
1262.22        107.61        400556.91
1262.94        107.61        400556.91
1263.66        107.61        400556.91
1264.51        107.88        400556.91
1265.23        107.88        400556.91
1265.95        107.88        400556.91
1266.67        107.88        400556.91
1267.39        107.88        400556.91
1268.11        107.88        400556.91
1268.83        107.88        400556.91
1269.55        107.88        400556.91
1270.28        107.88        400556.91
1271.00        107.88        400556.91
1271.72        107.88        400556.91
1272.44        107.88        400556.91
1273.16        107.88        400556.91
1273.89        107.88        400556.91
1274.61        107.88        400556.91
1275.33        107.89        400556.91
1276.05        107.89        400556.91
1276.77        107.89        400556.91
1277.49        107.89        400556.91
1278.21        107.89        400556.91
1278.93        107.89        400556.91
1279.65        107.89        400556.91
1280.37        107.89        400556.91
1281.10        107.89        400556.91
1281.82        107.89        400556.91
1282.54        107.89        400556.91
1283.26        107.89        400556.91
1283.99        107.89        400556.91
1284.71        107.89        400556.91
1285.45        107.91        400556.91
1286.18        107.91        400556.91
1286.92        106.09        400556.91
1287.76        106.83        400556.91
1288.50        107.27        400556.91
1289.22        107.27        400556.91
1289.94        107.27        400556.91
1290.66        107.27        400556.91
1291.38        107.27        400556.91
1292.11        107.27        400556.91
1292.82        107.27        400556.91
1293.54        107.27        400556.91
1294.26        107.27        400556.91
1294.98        107.27        400556.91
1295.70        107.27        400556.91
1296.43        107.27        400556.91
1297.15        107.27        400556.91
1297.87        107.27        400556.91
1298.59        107.27        400556.91
1299.31        107.27        400556.91
1300.04        107.27        400556.91
1300.76        107.27        400556.91
1301.48        107.27        400556.91
1302.20        107.27        400556.91
1302.93        107.27        400556.91
1303.65        107.27        400556.91
1304.38        107.31        400556.91
1305.10        107.31        400556.91
1305.82        107.31        400556.91
1306.54        107.31        400556.91
1307.34        109.88        400556.91
1308.06        109.88        400556.91
1308.79        109.88        400556.91
1309.50        109.88        400556.91
1310.23        109.88        400556.91
1310.95        109.88        400556.91
1311.67        109.88        400556.91
1312.39        109.88        400556.91
1313.11        109.88        400556.91
1313.84        109.88        400556.91
1314.56        109.88        400556.91
1315.28        109.88        400556.91
1316.00        109.88        400556.91
1316.72        109.88        400556.91
1317.44        109.88        400556.91
1318.16        109.88        400556.91
1318.88        109.88        400556.91
1319.60        109.88        400556.91
1320.33        109.88        400556.91
1321.05        109.88        400556.91
1321.77        109.88        400556.91
1322.49        109.88        400556.91
1323.21        109.88        400556.91
1323.94        109.88        400556.91
1324.79        111.16        400556.91
1325.51        111.16        400556.91
1326.23        111.16        400556.91
1326.96        111.16        400556.91
1327.68        111.16        400556.91
1328.40        111.16        400556.91
1329.12        111.16        400556.91
1329.84        111.16        400556.91
1330.57        111.16        400556.91
1331.29        111.16        400556.91
1332.01        111.16        400556.91
1332.73        111.17        400556.91
1333.46        111.17        400556.91
1334.18        111.17        400556.91
1334.91        111.17        400556.91
1335.63        111.17        400556.91
1336.35        111.17        400556.91
1337.07        111.17        400556.91
1337.79        111.17        400556.91
1338.52        111.17        400556.91
1339.24        111.17        400556.91
1339.96        111.17        400556.91
1340.69        111.17        400556.91
1341.41        111.17        400556.91
1342.14        111.17        400556.91
1342.86        111.17        400556.91
1343.58        111.17        400556.91
1344.31        111.17        400556.91
1345.04        111.17        400556.91
1345.78        111.17        400556.91
1346.52        111.17        400556.91
1347.25        109.23        400556.91
1348.10        111.23        400556.91
1348.83        110.25        400556.91
1349.55        110.25        400556.91
1350.27        110.25        400556.91
1350.99        110.25        400556.91
1351.71        110.25        400556.91
1352.43        110.25        400556.91
1353.15        110.25        400556.91
1353.87        110.25        400556.91
1354.61        110.36        400556.91
1355.33        110.36        400556.91
1356.06        110.36        400556.91
1356.79        110.36        400556.91
1357.52        110.36        400556.91
1358.24        110.36        400556.91
1358.96        110.36        400556.91
1359.69        110.36        400556.91
1360.41        110.36        400556.91
1361.13        110.38        400556.91
1361.79        110.44        400556.91
